FROM LIBRARY: 
word : encoede : decoded 
[[[[[[[[[[такого : [ 0.16 -0.22 -0.19  0.08 -0.19  0.16  0.13  0.02  0.17  0.47  0.1   0.05 -0.11  0.03 -0.22  0.1  -0.03 -0.05  0.15  0.14 -0.1  -0.21 -0.37  0.08] : [[[[[[[[[[такого
[[[[[[[[[[[[[так : [ 0.39  0.24  0.08  0.36 -0.3  -0.19 -0.02  0.28  0.13 -0.11  0.2   0.26 -0.    0.08 -0.13 -0.02 -0.04  0.22  0.28  0.29 -0.12 -0.2  -0.12 -0.34] : [[[[[[[[[[[[[так
[[[[[[[[[[[[[где : [ 0.28  0.24  0.01  0.29 -0.22 -0.15 -0.19  0.24  0.35  0.02  0.27  0.16 -0.04  0.18 -0.03  0.13  0.29  0.49  0.38  0.39 -0.4  -0.18 -0.31 -0.15] : [[[[[[[[[[[[[где
[[[[[[[[[[[[[[он : [ 0.57  0.3   0.02  0.29 -0.41 -0.19 -0.31  0.37  0.12 -0.23  0.09  0.36 -0.34 -0.2  -0.12  0.22 -0.13  0.21  0.16  0.28 -0.35 -0.03 -0.51 -0.33] : [[[[[[[[[[[[[[он
[[[[[[[[[[[[[[их : [ 0.13  0.5   0.04  0.1  -0.21  0.15  0.24  0.46  0.7   0.26 -0.13  0.39 -0.31  0.18  0.19  0.11  0.23  0.3   0.43 -0.1  -0.2  -0.15 -0.42 -0.25] : [[[[[[[[[[[[[[их
[[[[[[[[[[улыбке : [-0.01 -0.03  0.14 -0.17  0.27  0.13 -0.07 -0.24  0.12  0.14 -0.08 -0.16 -0.03  0.25 -0.02  0.3  -0.15 -0.09  0.1   0.13 -0.37 -0.06 -0.16  0.07] : [[[[[[[[[[ѐлыбке
[[[[[[[[[[[[было : [ 0.14  0.26  0.22  0.25 -0.14 -0.07  0.   -0.17  0.25  0.09  0.06  0.07  0.15  0.16 -0.08  0.13 -0.09  0.41  0.41 -0.09 -0.35 -0.32 -0.33 -0.28] : [[[[[[[[[[[[было
[[[[[[[[[[[будет : [ 0.12  0.34  0.05  0.45 -0.23  0.22 -0.19  0.04 -0.09 -0.08  0.05  0.47 -0.4  -0.28 -0.05 -0.15 -0.18  0.26  0.09  0.28 -0.45 -0.47 -0.4  -0.1 ] : [[[[[[[[[[[будет
[[[[[[[[[[[[[[[, : [ 0.16  0.1  -0.    0.58 -0.35 -0.1   0.24  0.68  0.47  0.18  0.25  0.41 -0.45 -0.21 -0.13  0.47  0.    0.44 -0.07 -0.1  -0.65 -0.27 -0.64 -0.52] : [[[[[[[[[[[[[[[,
[[[[[[[[казались : [ 0.17  0.31  0.07  0.06 -0.01 -0.15  0.23 -0.13 -0.14  0.35 -0.09  0.15 -0.18  0.26 -0.05 -0.09  0.09 -0.02  0.37  0.13 -0.37 -0.16  0.2   0.06] : [[[[[[[[казались
[[[[[[[[[[[[[как : [ 0.36  0.46 -0.17  0.22 -0.42 -0.14 -0.12  0.4   0.15 -0.07 -0.08  0.35  0.03  0.08 -0.02  0.16  0.14  0.31  0.4   0.42 -0.33 -0.13 -0.35 -0.26] : [[[[[[[[[[[[[как
[[[[[[[[[[[[выше : [ 0.12  0.23  0.4   0.23 -0.17  0.04 -0.06 -0.03  0.26  0.12  0.04 -0.13  0.16  0.04  0.2   0.21 -0.03  0.27  0.18 -0.43 -0.38 -0.06 -0.18 -0.35] : [[[[[[[[[[[[выше
[[[[[[[[[[[[мыла : [ 0.09  0.28  0.25  0.21 -0.18 -0.04 -0.06 -0.17  0.28 -0.02  0.27  0.1   0.16  0.17 -0.15  0.08  0.06  0.27  0.39 -0.15 -0.3  -0.2  -0.53 -0.38] : [[[[[[[[[[[[мыла
[[[[[[[[[[[[[[[? : [ 0.4   0.05  0.09  0.42 -0.34 -0.09  0.23  0.66  0.46  0.24  0.22  0.47 -0.51 -0.01  0.05  0.47  0.05  0.44  0.04  0.18 -0.49 -0.09 -0.51 -0.5 ] : [[[[[[[[[[[[[[[?
[[[[[[[[[человек : [ 0.22 -0.03  0.08  0.11  0.09 -0.06 -0.41 -0.23  0.21 -0.3   0.01  0.39 -0.15  0.16 -0.03 -0.07 -0.47 -0.03 -0.01  0.52 -0.36 -0.19 -0.    0.03] : [[[[[[[[[человек
[[[[[[[[[[[[[[[и : [ 0.32  0.22 -0.17  0.23 -0.24 -0.16  0.11  0.49  0.38  0.14 -0.25  0.51 -0.34 -0.11 -0.13  0.19 -0.04  0.35  0.17  0.3  -0.41 -0.32 -0.54 -0.58] : [[[[[[[[[[[[[[[и
[[[[[[[[[[[[умел : [ 0.29  0.24  0.02  0.27 -0.29  0.28 -0.11 -0.25  0.04 -0.12 -0.08  0.52 -0.49 -0.22 -0.2   0.21 -0.09  0.39  0.21  0.17 -0.27 -0.15 -0.39 -0.45] : [[[[[[[[[[[[умел
[[[[[[[[[[[[[[[, : [ 0.16  0.1  -0.    0.58 -0.35 -0.1   0.24  0.68  0.47  0.18  0.25  0.41 -0.45 -0.21 -0.13  0.47  0.    0.44 -0.07 -0.1  -0.65 -0.27 -0.64 -0.52] : [[[[[[[[[[[[[[[,
[[[[[[айнсвортов : [ 0.5   0.02 -0.05  0.54 -0.13 -0.22 -0.04 -0.26 -0.51 -0.05  0.51  0.07  0.01 -0.02  0.12  0.05 -0.47 -0.16 -0.27 -0.23  0.02  0.24  0.17  0.17] : [[[[[[аг]спортов
[[[[[[[[[[[[[уже : [ 0.49 -0.01  0.06  0.27 -0.25 -0.03 -0.15  0.38  0.57  0.34  0.23  0.23  0.01  0.18  0.03  0.35  0.08  0.06  0.23 -0.23 -0.43 -0.21 -0.33 -0.14] : [[[[[[[[[[[[[уже
[[[[[[[[[[[[[[[и : [ 0.32  0.22 -0.17  0.23 -0.24 -0.16  0.11  0.49  0.38  0.14 -0.25  0.51 -0.34 -0.11 -0.13  0.19 -0.04  0.35  0.17  0.3  -0.41 -0.32 -0.54 -0.58] : [[[[[[[[[[[[[[[и
[[[[[[[[[[[[[[не : [ 0.15  0.11  0.31  0.13 -0.34  0.07  0.13  0.54  0.22  0.19  0.15  0.32 -0.23 -0.27 -0.18  0.34 -0.06  0.44  0.41  0.38 -0.32 -0.05 -0.46 -0.25] : [[[[[[[[[[[[[[не
[[[[[[нерешенные : [-0.04  0.09 -0.21  0.25  0.24  0.21  0.38  0.38 -0.09  0.07  0.2  -0.14  0.07 -0.05  0.14 -0.13  0.22  0.07  0.45 -0.1  -0.04 -0.06  0.36  0.2 ] : [[[[[[нерешенные
[[[[[[[[[[[[[[[. : [ 0.15  0.09 -0.02  0.57 -0.45 -0.03  0.12  0.69  0.42  0.12  0.41  0.5  -0.51 -0.3  -0.14  0.47  0.04  0.41 -0.18 -0.25 -0.65 -0.27 -0.72 -0.61] : [[[[[[[[[[[[[[[.
[[[[[[[[[хвостик : [ 0.23 -0.14 -0.17  0.1   0.22  0.02 -0.01 -0.32  0.25  0.15  0.22 -0.23  0.2   0.07  0.13 -0.25 -0.05 -0.08  0.08 -0.17 -0.29 -0.01  0.03 -0.05] : [[[[[[[[[хвостик
[[[[[[[[[[[[[[[, : [ 0.16  0.1  -0.    0.58 -0.35 -0.1   0.24  0.68  0.47  0.18  0.25  0.41 -0.45 -0.21 -0.13  0.47  0.    0.44 -0.07 -0.1  -0.65 -0.27 -0.64 -0.52] : [[[[[[[[[[[[[[[,
[[[[[[[[[[[[[где : [ 0.28  0.24  0.01  0.29 -0.22 -0.15 -0.19  0.24  0.35  0.02  0.27  0.16 -0.04  0.18 -0.03  0.13  0.29  0.49  0.38  0.39 -0.4  -0.18 -0.31 -0.15] : [[[[[[[[[[[[[где
[[[[[[[[[[[[даже : [ 0.37  0.19  0.17  0.22 -0.03 -0.11 -0.02  0.3   0.48  0.31  0.2   0.1  -0.1   0.07  0.11  0.24 -0.11  0.17  0.22 -0.22 -0.29 -0.27 -0.1  -0.13] : [[[[[[[[[[[[даже
[[[[[[[[[нелегко : [-0.13  0.1  -0.03  0.11  0.15 -0.26 -0.39 -0.08  0.36 -0.18  0.16  0.15 -0.11  0.35 -0.19 -0.17 -0.07  0.28  0.28  0.47 -0.53 -0.25 -0.29  0.18] : [[[[[[[[[неленко
[[[[[[[[[[[[[как : [ 0.36  0.46 -0.17  0.22 -0.42 -0.14 -0.12  0.4   0.15 -0.07 -0.08  0.35  0.03  0.08 -0.02  0.16  0.14  0.31  0.4   0.42 -0.33 -0.13 -0.35 -0.26] : [[[[[[[[[[[[[как

INTERPOLATED WORDS: 
[[[[[[[[[[[[тому to [[[[неправильную
[ 0.3   0.4   0.11 -0.12 -0.23  0.12 -0.01  0.35  0.28  0.37  0.08  0.37 -0.47 -0.11 -0.02  0.19 -0.21  0.34 -0.01 -0.38 -0.23 -0.29 -0.2  -0.3 ] : [[[[[[[[[[[[тому
[ 0.28  0.39  0.11 -0.11 -0.21  0.12 -0.02  0.34  0.26  0.35  0.08  0.36 -0.46 -0.11 -0.02  0.18 -0.21  0.32 -0.   -0.36 -0.22 -0.26 -0.19 -0.28] : [[[[[[[[[[[[тому
[ 0.27  0.38  0.1  -0.1  -0.19  0.13 -0.03  0.33  0.24  0.32  0.08  0.35 -0.45 -0.11 -0.02  0.17 -0.2   0.29  0.   -0.34 -0.21 -0.24 -0.18 -0.26] : [[[[[[[[[[[[тому
[ 0.25  0.37  0.1  -0.1  -0.17  0.13 -0.04  0.32  0.21  0.3   0.08  0.34 -0.45 -0.11 -0.01  0.16 -0.2   0.27  0.01 -0.32 -0.2  -0.22 -0.17 -0.24] : [[[[[[[[[[[[тому
[ 0.24  0.36  0.1  -0.09 -0.15  0.13 -0.04  0.31  0.19  0.28  0.08  0.33 -0.44 -0.1  -0.01  0.15 -0.19  0.24  0.02 -0.3  -0.18 -0.19 -0.16 -0.22] : [[[[[[[[[[[[тому
[ 0.22  0.34  0.1  -0.08 -0.13  0.14 -0.05  0.31  0.16  0.25  0.08  0.33 -0.43 -0.1  -0.01  0.14 -0.19  0.22  0.02 -0.28 -0.17 -0.17 -0.15 -0.2 ] : [[[[[[[[[[[[тому
[ 0.21  0.33  0.09 -0.08 -0.11  0.14 -0.06  0.3   0.14  0.23  0.08  0.32 -0.42 -0.1  -0.01  0.13 -0.18  0.19  0.03 -0.26 -0.16 -0.15 -0.14 -0.18] : [[[[[[[[[[[[тому
[ 0.2   0.32  0.09 -0.07 -0.09  0.15 -0.06  0.29  0.11  0.21  0.08  0.31 -0.41 -0.09 -0.01  0.11 -0.18  0.17  0.04 -0.24 -0.15 -0.12 -0.13 -0.16] : [[[[[[[[[[[[тому
[ 0.18  0.31  0.09 -0.06 -0.07  0.15 -0.07  0.28  0.09  0.19  0.08  0.3  -0.4  -0.09 -0.01  0.1  -0.17  0.14  0.04 -0.23 -0.13 -0.1  -0.12 -0.13] : [[[[[[[[[[[мтому
[ 0.17  0.3   0.09 -0.06 -0.05  0.16 -0.08  0.28  0.07  0.16  0.08  0.29 -0.39 -0.09 -0.01  0.09 -0.17  0.12  0.05 -0.21 -0.12 -0.07 -0.11 -0.11] : [[[[[[[[[[[мтому
[ 0.15  0.28  0.08 -0.05 -0.03  0.16 -0.09  0.27  0.04  0.14  0.08  0.29 -0.39 -0.08 -0.01  0.08 -0.16  0.09  0.06 -0.19 -0.11 -0.05 -0.1  -0.09] : [[[[[[[[[[[втому
[ 0.14  0.27  0.08 -0.04 -0.    0.17 -0.09  0.26  0.02  0.12  0.08  0.28 -0.38 -0.08 -0.01  0.07 -0.16  0.07  0.06 -0.17 -0.1  -0.03 -0.09 -0.07] : [[[[[[[[[[[стому
[ 0.12  0.26  0.08 -0.04  0.02  0.17 -0.1   0.25 -0.01  0.09  0.08  0.27 -0.37 -0.08 -0.01  0.06 -0.15  0.04  0.07 -0.15 -0.08 -0.   -0.08 -0.05] : [[[[[[[[[[[стому
[ 0.11  0.25  0.08 -0.03  0.04  0.18 -0.11  0.24 -0.03  0.07  0.08  0.26 -0.36 -0.07 -0.01  0.05 -0.15  0.02  0.08 -0.13 -0.07  0.02 -0.07 -0.03] : [[[[[[[[[[[ст]му
[ 0.09  0.23  0.07 -0.02  0.06  0.18 -0.12  0.24 -0.06  0.05  0.08  0.25 -0.35 -0.07 -0.01  0.03 -0.14 -0.01  0.08 -0.11 -0.06  0.04 -0.06 -0.01] : [[[[[[[[[[[ст]му
[ 0.08  0.22  0.07 -0.02  0.08  0.19 -0.12  0.23 -0.08  0.02  0.08  0.25 -0.34 -0.07 -0.01  0.02 -0.14 -0.03  0.09 -0.09 -0.04  0.07 -0.05  0.01] : [[[[[[[[[[мстьму
[ 0.06  0.21  0.07 -0.01  0.1   0.19 -0.13  0.22 -0.1   0.    0.08  0.24 -0.34 -0.06 -0.    0.01 -0.13 -0.06  0.1  -0.07 -0.03  0.09 -0.04  0.03] : [[[[[[[[е[мттьбу
[ 0.05  0.2   0.06 -0.01  0.12  0.19 -0.14  0.21 -0.13 -0.02  0.08  0.23 -0.33 -0.06 -0.    0.   -0.12 -0.08  0.1  -0.05 -0.02  0.11 -0.03  0.05] : [[[[[[[,е[мттьбу
[ 0.03  0.19  0.06  0.    0.14  0.2  -0.15  0.2  -0.15 -0.04  0.08  0.22 -0.32 -0.06 -0.   -0.01 -0.12 -0.11  0.11 -0.03 -0.01  0.14 -0.02  0.08] : [[[[[[[де[бтнь.у
[ 0.02  0.17  0.06  0.01  0.16  0.2  -0.15  0.2  -0.18 -0.07  0.08  0.21 -0.31 -0.06 -0.   -0.02 -0.11 -0.13  0.12 -0.01  0.01  0.16 -0.01  0.1 ] : [[[[[[[де[бтнь.у
[ 0.    0.16  0.06  0.01  0.18  0.21 -0.16  0.19 -0.2  -0.09  0.08  0.21 -0.3  -0.05 -0.   -0.03 -0.11 -0.16  0.12  0.    0.02  0.18  0.01  0.12] : [[[[[[[деежтньау
[-0.01  0.15  0.05  0.02  0.2   0.21 -0.17  0.18 -0.23 -0.11  0.08  0.2  -0.29 -0.05 -0.   -0.04 -0.1  -0.18  0.13  0.02  0.03  0.21  0.02  0.14] : [[[[[[мдеежтньаю
[-0.03  0.14  0.05  0.03  0.22  0.22 -0.18  0.17 -0.25 -0.14  0.08  0.19 -0.29 -0.05 -0.   -0.06 -0.1  -0.21  0.13  0.04  0.04  0.23  0.03  0.16] : [[[[[[мдеежтньаю
[-0.04  0.12  0.05  0.03  0.25  0.22 -0.18  0.17 -0.27 -0.16  0.08  0.18 -0.28 -0.04  0.   -0.07 -0.09 -0.23  0.14  0.06  0.06  0.25  0.04  0.18] : [[[[[[мдееилньао
[-0.06  0.11  0.05  0.04  0.27  0.23 -0.19  0.16 -0.3  -0.18  0.08  0.17 -0.27 -0.04  0.   -0.08 -0.09 -0.26  0.15  0.08  0.07  0.28  0.05  0.2 ] : [[[[[[пдоёилннао
[-0.07  0.1   0.04  0.05  0.29  0.23 -0.2   0.15 -0.32 -0.2   0.08  0.17 -0.26 -0.04  0.   -0.09 -0.08 -0.28  0.15  0.1   0.08  0.3   0.06  0.22] : [[[[[[пдоёилннао
[-0.08  0.09  0.04  0.05  0.31  0.24 -0.2   0.14 -0.35 -0.23  0.08  0.16 -0.25 -0.03  0.   -0.1  -0.08 -0.31  0.16  0.12  0.09  0.32  0.07  0.24] : [[[[[[пдо]ильнао
[-0.1   0.08  0.04  0.06  0.33  0.24 -0.21  0.13 -0.37 -0.25  0.08  0.15 -0.24 -0.03  0.   -0.11 -0.07 -0.33  0.17  0.14  0.11  0.35  0.08  0.26] : [[[[[[пдапильнао
[-0.11  0.06  0.04  0.07  0.35  0.25 -0.22  0.13 -0.4  -0.27  0.08  0.14 -0.24 -0.03  0.   -0.12 -0.07 -0.36  0.17  0.16  0.12  0.37  0.09  0.28] : [[[[[[прапильнао
[-0.13  0.05  0.03  0.07  0.37  0.25 -0.23  0.12 -0.42 -0.3   0.08  0.13 -0.23 -0.02  0.01 -0.14 -0.06 -0.38  0.18  0.18  0.13  0.39  0.1   0.31] : [[[[[еправильнаю
[-0.14  0.04  0.03  0.08  0.39  0.25 -0.23  0.11 -0.44 -0.32  0.08  0.13 -0.22 -0.02  0.01 -0.15 -0.06 -0.41  0.19  0.2   0.14  0.42  0.11  0.33] : [[[[[еправильнаю

GENERATED WORDS: 
from random vector
[ 0.82 -0.06  0.61  0.94  0.41 -0.47 -0.65  0.22 -0.45 -0.38  0.1   0.88 -0.02  0.82  0.78 -0.35 -0.12  0.77  0.4  -0.51  0.35 -0.04  0.09  0.54] : [[[[[[[[,]йьбт]я
[-0.44  0.88  0.1   0.58  0.34 -0.04 -0.54 -0.46  0.04 -0.91  0.04  0.86 -0.33 -0.89 -0.35 -0.37  0.98  0.84  0.44  0.22 -0.01  0.27 -0.38 -0.74] : [[[[[ем[[м[-эзмы
[-0.89  0.41 -0.1  -0.91 -0.68 -0.95  0.8  -0.97  0.14 -0.29  0.86  0.22 -0.22  0.5   0.29 -0.89  0.45  0.89  0.03 -0.36  0.84 -0.05  0.43 -0.12] : вемрхо]х]]сеёыкл
[ 0.8  -0.96  0.35 -0.16  0.2  -0.82 -0.37 -0.23 -0.02  0.44  0.76 -0.84 -0.95  0.65  0.63 -0.18  0.18 -0.97  0.72 -0.47  0.69  0.71 -0.04  0.82] : [[ь[[,[зажроцнся
[ 0.98 -0.85  0.15  0.79 -0.16 -0.76 -0.29  0.98 -0.49 -0.73 -0.74 -0.2  -0.21 -0.83  0.81  0.65 -0.97  0.41 -0.83 -0.91 -0.5  -0.94  0.23 -0.25] : [[[[[?о[еьзрвуещ
[ 0.12 -0.51 -0.9   0.12 -0.46  0.84  0.93 -0.28 -0.45  0.29 -0.49 -0.9  -0.99  0.86 -0.37  0.54 -0.54 -0.79  0.32 -0.09 -0.02  0.81 -0.76  0.67] : фыги]щ[етёливеа]
[ 0.38  0.21  0.75  0.66  0.12  0.5  -0.77  0.78  0.91 -0.77 -0.88 -0.56 -0.21  0.56  0.01 -0.74  0.68 -0.85  0.13 -0.32 -0.89 -0.33 -0.54 -0.92] : [[[[[[[[[ьэт]лбй
[-0.97  0.48 -0.27  0.19  0.6   0.52  0.41 -0.15 -0.16 -0.14 -0.98 -0.93 -0.17 -0.21 -0.13  0.6   0.    0.23  0.03 -0.12 -0.8   0.39  0.54  0.5 ] : [[[,срее[пычлщло
[ 0.07  0.84 -0.54 -0.46  0.27  0.39 -0.81  0.39  0.54  0.69 -0.99 -0.84 -0.56  0.05 -0.7  -0.8  -0.56  0.21  0.76  0.75  0.03 -0.52 -0.89 -0.23] : [[[[[[[[[тгюг]лс
[ 0.52 -0.71  0.45  0.23  0.85  0.77  0.24 -0.8  -0.62 -0.89 -0.57 -0.06  0.83 -0.99  0.34  0.05  0.55 -0.82 -0.74  0.35 -0.72 -0.55 -0.7  -0.42] : [[[[[[[[вфоь]жец
[-0.94 -0.51  0.27 -0.75  0.54 -0.44 -0.2  -0.11 -0.62 -0.74  0.1  -0.84 -0.4   0.05  0.18  0.04 -0.74  1.    0.94 -0.76 -0.94 -0.84 -0.23  0.77] : [[[[[[[е]лизвщко
[ 0.03  0.73  0.16  0.44 -0.67  0.96  0.32 -0.08 -0.17 -0.27  0.97  0.92 -0.45  0.29 -0.54  0.1  -0.7   0.79  0.02  0.93 -0.67  0.42 -0.42 -0.48] : [[[[[[[[к-ел]цёу
[-0.93 -0.93  0.07 -0.63 -0.44  0.15  0.44 -0.65  0.65  0.4  -0.56 -0.86 -0.85 -0.56 -0.82 -0.01 -0.35 -0.87  0.21  0.49 -0.62 -0.3  -0.72  1.  ] : [[[[[[[[-йлшё]л,
[-0.43  0.29 -0.71  0.79 -0.09 -0.15 -0.33  0.36  0.72  0.42 -0.26 -0.82 -0.1  -0.05  0.1  -0.41  0.73 -0.5  -0.93  0.94  0.41  0.1   0.23 -0.93] : [[?[[м[[еьтё!нбз
[ 0.2   0.14  0.13  0.47  0.98  0.05 -0.99 -0.41 -0.73  0.5   0.15 -0.97  0.71 -0.55 -0.87  0.99  0.85  0.88  0.45  0.56  0.26  0.89 -0.14  0.95] : [[[[[к[[битёыьче
[-0.5   0.02  0.48 -0.46  0.54  0.34  0.31 -0.32 -0.75 -0.41 -0.65 -0.31  0.34 -0.53  0.59 -0.79 -0.31 -0.29 -0.49 -0.08 -0.67 -0.42  0.01 -0.16] : [[[[ыомомз]рашощ
[-0.97 -0.53 -0.83  0.6   0.75 -0.58 -0.42 -0.04 -0.62  0.21  0.14  0.85  0.52  0.08  0.29  0.55  0.42 -0.74  0.48 -0.92  0.33 -0.1   0.55  0.45] : с]ы]]ла]]рычейфо
[ 0.83  0.86  0.82 -0.49 -0.97  0.11 -0.46 -0.77  0.07  0.23  0.02  0.88 -0.63 -0.8  -0.54 -0.01 -0.38  0.82  0.67  0.84 -0.3  -0.41 -0.81  0.58] : [[[[[[м[-о,оуетё
[ 0.54  0.21  0.44  0.42  0.33 -0.55  0.2   0.4  -0.54 -0.76 -0.25  0.73  0.75 -0.71 -0.64  0.57  0.19 -0.35 -0.   -0.34 -0.32 -0.54  0.28  0.45] : [[[[[[-еёке-]и[ц
[-0.83  0.91 -0.13  0.22 -0.19 -0.87 -0.47  0.69  0.83 -0.61  0.45 -0.19 -0.    0.99 -0.88  0.28  0.79 -0.22  0.36  0.32 -0.49  0.2   0.56  0.42] : [-[[[п?[егэгекые
[ 0.97 -0.03 -0.41 -0.72  0.43 -0.79  0.22 -0.43 -0.02  0.05  0.45  0.07 -0.46 -0.38 -0.07  0.77 -0.28 -0.12  0.78 -0.17 -0.05 -0.74  0.21 -0.53] : [[[[[[дп.,иэиоеу
[ 0.35 -0.1   0.19 -0.24  0.54 -0.93 -0.02  0.02  0.85 -0.19  0.4  -0.81 -0.37 -0.05 -0.63 -0.    0.7   0.08 -0.06 -0.69  0.64  0.59  0.78 -0.29] : [[,-врочоле[н]рь
[-0.88  0.1   0.18  0.    0.51  0.18 -0.66 -0.47 -0.59  0.05  0.53 -0.42  0.99 -0.38  0.22  0.8  -0.39 -0.31  0.74 -0.58 -0.2  -0.57  0.74  0.71] : [[][[коё]и]йры!о
[-0.05 -0.56 -0.78  0.71 -0.4   0.82 -0.3   0.66 -0.41  0.84 -0.99  0.05 -0.43  0.47  0.98 -0.11  0.22 -0.02  0.13 -0.48  0.89  0.43 -0.28  0.51] : жы]]]р!]ролам]]я
[ 0.5  -0.32  0.04  0.46 -0.3   0.73 -0.11 -0.79  0.91  0.94 -0.21 -0.33 -0.62  0.77 -0.51  0.9   0.76 -0.01  0.79 -0.63 -0.54 -0.35 -0.06 -0.37] : [[[[п[[-[мипшуыа
[-0.64  0.53 -0.64 -0.48 -0.65  0.44  0.76  0.42 -0.64 -0.43  0.58  0.8   0.31 -0.33  0.02  0.59 -0.69  0.05  0.66 -0.32 -0.96 -0.06 -0.76 -0.99] : [[[[е[[[[[оф-жёл
[-0.25 -0.99 -0.51  0.8   0.57 -0.83  0.25  0.17  0.4   0.98  0.46 -0.71  0.73  0.04 -0.31  0.43  0.66 -0.02  0.78 -0.02  0.73  0.3  -0.13 -0.72] : с]]]оиеп[ьнёзнй]
[-0.96 -0.45 -0.76 -0.17 -0.98 -0.68 -0.18  0.16 -0.19  0.22 -0.63 -0.9   0.55  0.93  0.34  0.07  0.02  0.95 -0.73 -0.93 -0.38 -0.46  0.16 -0.52] : цвъ,[пюмеьгёвыфж
[ 0.35  0.82 -0.77 -0.87 -0.75  0.9  -0.52  0.13  0.27 -0.41 -0.89  0.12 -0.81 -0.36  0.46 -0.81  0.65  0.92 -0.89 -0.21  0.2   0.38 -0.61  0.69] : [[[[ьопюм[.ов[,]
[-0.83  0.52  0.27  0.52 -0.92  0.49  0.94  0.54 -0.36 -0.72  0.24 -0.67 -0.96 -0.18  0.45 -0.35 -0.32  0.61 -0.92 -0.65  0.4   0.49  0.85  0.67] : [-?ер]цедеаж]ье]
